(kicad_pcb (version 20171130) (host pcbnew "(5.0.2)-1")

  (general
    (thickness 1.6)
    (drawings 8)
    (tracks 1434)
    (zones 0)
    (modules 133)
    (nets 76)
  )

  (page A4)
  (title_block
    (title Master-Node)
    (date 2018-01-03)
    (rev nhantt)
    (company nhantt)
  )

  (layers
    (0 F.Cu signal)
    (31 B.Cu signal)
    (32 B.Adhes user)
    (33 F.Adhes user)
    (34 B.Paste user)
    (35 F.Paste user)
    (36 B.SilkS user)
    (37 F.SilkS user)
    (38 B.Mask user)
    (39 F.Mask user)
    (40 Dwgs.User user)
    (41 Cmts.User user)
    (42 Eco1.User user)
    (43 Eco2.User user)
    (44 Edge.Cuts user)
    (45 Margin user)
    (46 B.CrtYd user hide)
    (47 F.CrtYd user)
    (48 B.Fab user hide)
    (49 F.Fab user hide)
  )

  (setup
    (last_trace_width 0.254)
    (trace_clearance 0.2)
    (zone_clearance 0.624)
    (zone_45_only yes)
    (trace_min 0.2)
    (segment_width 0.2)
    (edge_width 0.15)
    (via_size 1.1)
    (via_drill 0.6)
    (via_min_size 0.4)
    (via_min_drill 0.3)
    (uvia_size 1)
    (uvia_drill 0.5)
    (uvias_allowed no)
    (uvia_min_size 0.2)
    (uvia_min_drill 0.1)
    (pcb_text_width 0.3)
    (pcb_text_size 1.5 1.5)
    (mod_edge_width 0.15)
    (mod_text_size 1 1)
    (mod_text_width 0.15)
    (pad_size 1.524 1.524)
    (pad_drill 0.762)
    (pad_to_mask_clearance 0.2)
    (solder_mask_min_width 0.25)
    (aux_axis_origin 90 128)
    (grid_origin 90 128)
    (visible_elements 7FFFFFFF)
    (pcbplotparams
      (layerselection 0x010c0_ffffffff)
      (usegerberextensions true)
      (usegerberattributes false)
      (usegerberadvancedattributes false)
      (creategerberjobfile false)
      (excludeedgelayer true)
      (linewidth 0.100000)
      (plotframeref false)
      (viasonmask false)
      (mode 1)
      (useauxorigin false)
      (hpglpennumber 1)
      (hpglpenspeed 20)
      (hpglpendiameter 15.000000)
      (psnegative false)
      (psa4output false)
      (plotreference true)
      (plotvalue true)
      (plotinvisibletext false)
      (padsonsilk false)
      (subtractmaskfromsilk false)
      (outputformat 1)
      (mirror false)
      (drillshape 0)
      (scaleselection 1)
      (outputdirectory "gerber/"))
  )

  (net 0 "")
  (net 1 "Net-(BT1-Pad1)")
  (net 2 GND)
  (net 3 +3V3)
  (net 4 +5V)
  (net 5 "Net-(C8-Pad1)")
  (net 6 "Net-(C10-Pad2)")
  (net 7 "Net-(C12-Pad1)")
  (net 8 /OSCI)
  (net 9 /OSCO)
  (net 10 /OSC32I)
  (net 11 /OSC32O)
  (net 12 VIN)
  (net 13 "Net-(D2-Pad2)")
  (net 14 "Net-(D3-Pad1)")
  (net 15 "Net-(D4-Pad2)")
  (net 16 "Net-(D6-Pad2)")
  (net 17 /LED_STT)
  (net 18 /B)
  (net 19 /A)
  (net 20 "Net-(J3-Pad2)")
  (net 21 "Net-(J3-Pad3)")
  (net 22 /SWDIO)
  (net 23 /SWCLK)
  (net 24 "Net-(Q2-Pad1)")
  (net 25 "Net-(R3-Pad1)")
  (net 26 "Net-(R6-Pad1)")
  (net 27 /USB_DIS)
  (net 28 /USBDP)
  (net 29 /USBDM)
  (net 30 /BT2)
  (net 31 /BT3)
  (net 32 /BT1)
  (net 33 "Net-(D7-Pad2)")
  (net 34 "Net-(D9-Pad2)")
  (net 35 /OUT1)
  (net 36 /OUT2)
  (net 37 "Net-(Q1-Pad1)")
  (net 38 "Net-(Q3-Pad1)")
  (net 39 "Net-(Q4-Pad3)")
  (net 40 "Net-(Q4-Pad1)")
  (net 41 "Net-(R1-Pad1)")
  (net 42 /Buzzer)
  (net 43 "Net-(D1-Pad2)")
  (net 44 +24V)
  (net 45 +12V)
  (net 46 /DAC_OUTPUT)
  (net 47 "Net-(C31-Pad2)")
  (net 48 /pressure)
  (net 49 /DAC_O)
  (net 50 /OLED_RST)
  (net 51 "Net-(C52-Pad2)")
  (net 52 "Net-(D10-Pad1)")
  (net 53 /o1)
  (net 54 /o2)
  (net 55 /RX)
  (net 56 /TX)
  (net 57 "Net-(R24-Pad1)")
  (net 58 "Net-(R25-Pad2)")
  (net 59 /DAC_SDA)
  (net 60 /DAC_SCL)
  (net 61 "Net-(R37-Pad1)")
  (net 62 "Net-(R40-Pad1)")
  (net 63 "Net-(R45-Pad1)")
  (net 64 "Net-(R45-Pad2)")
  (net 65 /OLED_SDIN)
  (net 66 "Net-(R15-Pad2)")
  (net 67 /temp_ob)
  (net 68 /temp_pre)
  (net 69 /OLED_DC)
  (net 70 /OLED_CS)
  (net 71 /OLED_CLK)
  (net 72 "Net-(R26-Pad1)")
  (net 73 "Net-(U10-Pad2)")
  (net 74 "Net-(U10-Pad4)")
  (net 75 "Net-(R29-Pad1)")

  (net_class Default "This is the default net class."
    (clearance 0.2)
    (trace_width 0.254)
    (via_dia 1.1)
    (via_drill 0.6)
    (uvia_dia 1)
    (uvia_drill 0.5)
    (add_net +12V)
    (add_net +24V)
    (add_net +3V3)
    (add_net +5V)
    (add_net /A)
    (add_net /B)
    (add_net /BT1)
    (add_net /BT2)
    (add_net /BT3)
    (add_net /Buzzer)
    (add_net /DAC_O)
    (add_net /DAC_OUTPUT)
    (add_net /DAC_SCL)
    (add_net /DAC_SDA)
    (add_net /LED_STT)
    (add_net /OLED_CLK)
    (add_net /OLED_CS)
    (add_net /OLED_DC)
    (add_net /OLED_RST)
    (add_net /OLED_SDIN)
    (add_net /OSC32I)
    (add_net /OSC32O)
    (add_net /OSCI)
    (add_net /OSCO)
    (add_net /OUT1)
    (add_net /OUT2)
    (add_net /RX)
    (add_net /SWCLK)
    (add_net /SWDIO)
    (add_net /TX)
    (add_net /USBDM)
    (add_net /USBDP)
    (add_net /USB_DIS)
    (add_net /o1)
    (add_net /o2)
    (add_net /pressure)
    (add_net /temp_ob)
    (add_net /temp_pre)
    (add_net GND)
    (add_net "Net-(BT1-Pad1)")
    (add_net "Net-(C10-Pad2)")
    (add_net "Net-(C12-Pad1)")
    (add_net "Net-(C31-Pad2)")
    (add_net "Net-(C52-Pad2)")
    (add_net "Net-(C8-Pad1)")
    (add_net "Net-(D1-Pad2)")
    (add_net "Net-(D10-Pad1)")
    (add_net "Net-(D2-Pad2)")
    (add_net "Net-(D3-Pad1)")
    (add_net "Net-(D4-Pad2)")
    (add_net "Net-(D6-Pad2)")
    (add_net "Net-(D7-Pad2)")
    (add_net "Net-(D9-Pad2)")
    (add_net "Net-(J3-Pad2)")
    (add_net "Net-(J3-Pad3)")
    (add_net "Net-(Q1-Pad1)")
    (add_net "Net-(Q2-Pad1)")
    (add_net "Net-(Q3-Pad1)")
    (add_net "Net-(Q4-Pad1)")
    (add_net "Net-(Q4-Pad3)")
    (add_net "Net-(R1-Pad1)")
    (add_net "Net-(R15-Pad2)")
    (add_net "Net-(R24-Pad1)")
    (add_net "Net-(R25-Pad2)")
    (add_net "Net-(R26-Pad1)")
    (add_net "Net-(R29-Pad1)")
    (add_net "Net-(R3-Pad1)")
    (add_net "Net-(R37-Pad1)")
    (add_net "Net-(R40-Pad1)")
    (add_net "Net-(R45-Pad1)")
    (add_net "Net-(R45-Pad2)")
    (add_net "Net-(R6-Pad1)")
    (add_net "Net-(U10-Pad2)")
    (add_net "Net-(U10-Pad4)")
    (add_net VIN)
  )

  (module nhantt-kicad-lib:Vit-3mm (layer F.Cu) (tedit 58EB554D) (tstamp 5D9A5E78)
    (at 92.2 125.8)
    (fp_text reference REF** (at 0 0.5) (layer F.SilkS)
      (effects (font (size 1 1) (thickness 0.15)))
    )
    (fp_text value Vit-4mm (at 0 -0.5) (layer F.Fab)
      (effects (font (size 1 1) (thickness 0.15)))
    )
    (pad 1 thru_hole circle (at 0 0) (size 3 3) (drill 3) (layers *.Cu *.Mask F.SilkS))
  )

  (module nhantt-kicad-lib:Vit-3mm (layer F.Cu) (tedit 58EB554D) (tstamp 5D9A5E69)
    (at 177.4 125.8)
    (fp_text reference REF** (at 0 0.5) (layer F.SilkS)
      (effects (font (size 1 1) (thickness 0.15)))
    )
    (fp_text value Vit-4mm (at 0 -0.5) (layer F.Fab)
      (effects (font (size 1 1) (thickness 0.15)))
    )
    (pad 1 thru_hole circle (at 0 0) (size 3 3) (drill 3) (layers *.Cu *.Mask F.SilkS))
  )

  (module nhantt-kicad-lib:Vit-3mm (layer F.Cu) (tedit 58EB554D) (tstamp 5D9A5E61)
    (at 177.4 82.2)
    (fp_text reference REF** (at 0 0.5) (layer F.SilkS)
      (effects (font (size 1 1) (thickness 0.15)))
    )
    (fp_text value Vit-4mm (at 0 -0.5) (layer F.Fab)
      (effects (font (size 1 1) (thickness 0.15)))
    )
    (pad 1 thru_hole circle (at 0 0) (size 3 3) (drill 3) (layers *.Cu *.Mask F.SilkS))
  )

  (module nhantt-kicad-lib:D_SMB_Handsoldering (layer B.Cu) (tedit 5864304C) (tstamp 5D8E903D)
    (at 127 91)
    (descr "Diode SMB Handsoldering")
    (tags "Diode SMB Handsoldering")
    (path /595C1485)
    (attr smd)
    (fp_text reference D3 (at 0 3.1) (layer B.SilkS)
      (effects (font (size 1 1) (thickness 0.15)) (justify mirror))
    )
    (fp_text value D_Schottky (at 0.1 -4.75) (layer B.Fab)
      (effects (font (size 1 1) (thickness 0.15)) (justify mirror))
    )
    (fp_line (start -4.6 2.15) (end 2.7 2.15) (layer B.SilkS) (width 0.12))
    (fp_line (start -4.6 -2.15) (end 2.7 -2.15) (layer B.SilkS) (width 0.12))
    (fp_line (start -0.64944 -0.00102) (end 0.50118 0.79908) (layer B.Fab) (width 0.1))
    (fp_line (start -0.64944 -0.00102) (end 0.50118 -0.75032) (layer B.Fab) (width 0.1))
    (fp_line (start 0.50118 -0.75032) (end 0.50118 0.79908) (layer B.Fab) (width 0.1))
    (fp_line (start -0.64944 0.79908) (end -0.64944 -0.80112) (layer B.Fab) (width 0.1))
    (fp_line (start 0.50118 -0.00102) (end 1.4994 -0.00102) (layer B.Fab) (width 0.1))
    (fp_line (start -0.64944 -0.00102) (end -1.55114 -0.00102) (layer B.Fab) (width 0.1))
    (fp_line (start -4.7 -2.25) (end -4.7 2.25) (layer B.CrtYd) (width 0.05))
    (fp_line (start 4.7 -2.25) (end -4.7 -2.25) (layer B.CrtYd) (width 0.05))
    (fp_line (start 4.7 2.25) (end 4.7 -2.25) (layer B.CrtYd) (width 0.05))
    (fp_line (start -4.7 2.25) (end 4.7 2.25) (layer B.CrtYd) (width 0.05))
    (fp_line (start 2.3 2) (end -2.3 2) (layer B.Fab) (width 0.1))
    (fp_line (start 2.3 2) (end 2.3 -2) (layer B.Fab) (width 0.1))
    (fp_line (start -2.3 -2) (end -2.3 2) (layer B.Fab) (width 0.1))
    (fp_line (start 2.3 -2) (end -2.3 -2) (layer B.Fab) (width 0.1))
    (fp_line (start -4.6 2.15) (end -4.6 -2.15) (layer B.SilkS) (width 0.12))
    (pad 2 smd rect (at 2.7 0) (size 3.5 2.3) (layers B.Cu B.Paste B.Mask)
      (net 2 GND))
    (pad 1 smd rect (at -2.7 0) (size 3.5 2.3) (layers B.Cu B.Paste B.Mask)
      (net 14 "Net-(D3-Pad1)"))
    (model E:/Project/2017/hw/kicad/nhantt-kicad-lib/packages3d/DO-214AA-SMB.wrl
      (offset (xyz 0 0 1.396999979019165))
      (scale (xyz 400 400 400))
      (rotate (xyz 0 0 270))
    )
  )

  (module nhantt-kicad-lib:Inductor_5.2x5.8x4.5 (layer B.Cu) (tedit 58EB60E6) (tstamp 5D964487)
    (at 127 85 180)
    (descr "Inductor, Taiyo Yuden, NR series, Taiyo-Yuden_NR-80xx, 8.0mmx8.0mm")
    (tags "inductor taiyo-yuden nr smd")
    (path /595C11B4)
    (attr smd)
    (fp_text reference L1 (at 0.1 4.2 180) (layer B.SilkS)
      (effects (font (size 1 1) (thickness 0.15)) (justify mirror))
    )
    (fp_text value L (at 0 -4.6 180) (layer B.Fab)
      (effects (font (size 1 1) (thickness 0.15)) (justify mirror))
    )
    (fp_line (start 4.2 3.6) (end -4.1 3.6) (layer B.CrtYd) (width 0.05))
    (fp_line (start 4.2 -3.6) (end 4.2 3.6) (layer B.CrtYd) (width 0.05))
    (fp_line (start -4.1 -3.6) (end 4.2 -3.6) (layer B.CrtYd) (width 0.05))
    (fp_line (start -4.1 3.6) (end -4.1 -3.6) (layer B.CrtYd) (width 0.05))
    (fp_line (start -3.9 -3.5) (end 4 -3.5) (layer B.SilkS) (width 0.15))
    (fp_line (start -3.9 3.5) (end 4 3.5) (layer B.SilkS) (width 0.15))
    (fp_line (start -3.5 -3.3) (end 0.1 -3.3) (layer B.Fab) (width 0.15))
    (fp_line (start -3.9 -2.8) (end -3.5 -3.3) (layer B.Fab) (width 0.15))
    (fp_line (start -3.9 0) (end -3.9 -2.8) (layer B.Fab) (width 0.15))
    (fp_line (start 3.6 -3.3) (end 0.1 -3.3) (layer B.Fab) (width 0.15))
    (fp_line (start 4 -3) (end 3.6 -3.3) (layer B.Fab) (width 0.15))
    (fp_line (start 4 0) (end 4 -3) (layer B.Fab) (width 0.15))
    (fp_line (start 3.4 3.3) (end 0 3.3) (layer B.Fab) (width 0.15))
    (fp_line (start 4 2.7) (end 3.4 3.3) (layer B.Fab) (width 0.15))
    (fp_line (start 4 0) (end 4 2.7) (layer B.Fab) (width 0.15))
    (fp_line (start -3.4 3.3) (end 0 3.3) (layer B.Fab) (width 0.15))
    (fp_line (start -3.9 2.8) (end -3.4 3.3) (layer B.Fab) (width 0.15))
    (fp_line (start -3.9 0) (end -3.9 2.8) (layer B.Fab) (width 0.15))
    (pad 2 smd rect (at 2.2 0 180) (size 2.624 6) (layers B.Cu B.Paste B.Mask)
      (net 14 "Net-(D3-Pad1)"))
    (pad 1 smd rect (at -2.2 0 180) (size 2.624 6) (layers B.Cu B.Paste B.Mask)
      (net 45 +12V))
    (model E:/Project/2017/hw/kicad/nhantt-kicad-lib/packages3d/inductor-5845.wrl
      (at (xyz 0 0 0))
      (scale (xyz 400 400 400))
      (rotate (xyz 0 0 0))
    )
  )

  (module Capacitors_SMD:C_0805_HandSoldering (layer B.Cu) (tedit 58AA84A8) (tstamp 5D945AB1)
    (at 111.25 88 270)
    (descr "Capacitor SMD 0805, hand soldering")
    (tags "capacitor 0805")
    (path /595BED82)
    (attr smd)
    (fp_text reference C1 (at 0 1.75 270) (layer B.SilkS)
      (effects (font (size 1 1) (thickness 0.15)) (justify mirror))
    )
    (fp_text value 100nF (at 0 -1.75 270) (layer B.Fab)
      (effects (font (size 1 1) (thickness 0.15)) (justify mirror))
    )
    (fp_text user %R (at 0 1.75 270) (layer B.Fab)
      (effects (font (size 1 1) (thickness 0.15)) (justify mirror))
    )
    (fp_line (start -1 -0.62) (end -1 0.62) (layer B.Fab) (width 0.1))
    (fp_line (start 1 -0.62) (end -1 -0.62) (layer B.Fab) (width 0.1))
    (fp_line (start 1 0.62) (end 1 -0.62) (layer B.Fab) (width 0.1))
    (fp_line (start -1 0.62) (end 1 0.62) (layer B.Fab) (width 0.1))
    (fp_line (start 0.5 0.85) (end -0.5 0.85) (layer B.SilkS) (width 0.12))
    (fp_line (start -0.5 -0.85) (end 0.5 -0.85) (layer B.SilkS) (width 0.12))
    (fp_line (start -2.25 0.88) (end 2.25 0.88) (layer B.CrtYd) (width 0.05))
    (fp_line (start -2.25 0.88) (end -2.25 -0.87) (layer B.CrtYd) (width 0.05))
    (fp_line (start 2.25 -0.87) (end 2.25 0.88) (layer B.CrtYd) (width 0.05))
    (fp_line (start 2.25 -0.87) (end -2.25 -0.87) (layer B.CrtYd) (width 0.05))
    (pad 1 smd rect (at -1.25 0 270) (size 1.5 1.25) (layers B.Cu B.Paste B.Mask)
      (net 44 +24V))
    (pad 2 smd rect (at 1.25 0 270) (size 1.5 1.25) (layers B.Cu B.Paste B.Mask)
      (net 2 GND))
    (model Capacitors_SMD.3dshapes/C_0805.wrl
      (at (xyz 0 0 0))
      (scale (xyz 1 1 1))
      (rotate (xyz 0 0 0))
    )
  )

  (module Capacitors_SMD:C_0805_HandSoldering (layer B.Cu) (tedit 58AA84A8) (tstamp 5D9370EC)
    (at 138.2 124 270)
    (descr "Capacitor SMD 0805, hand soldering")
    (tags "capacitor 0805")
    (path /5E10E7FA)
    (attr smd)
    (fp_text reference C3 (at 0 1.75 270) (layer B.SilkS)
      (effects (font (size 1 1) (thickness 0.15)) (justify mirror))
    )
    (fp_text value 100nF (at 0 -1.75 270) (layer B.Fab)
      (effects (font (size 1 1) (thickness 0.15)) (justify mirror))
    )
    (fp_line (start 2.25 -0.87) (end -2.25 -0.87) (layer B.CrtYd) (width 0.05))
    (fp_line (start 2.25 -0.87) (end 2.25 0.88) (layer B.CrtYd) (width 0.05))
    (fp_line (start -2.25 0.88) (end -2.25 -0.87) (layer B.CrtYd) (width 0.05))
    (fp_line (start -2.25 0.88) (end 2.25 0.88) (layer B.CrtYd) (width 0.05))
    (fp_line (start -0.5 -0.85) (end 0.5 -0.85) (layer B.SilkS) (width 0.12))
    (fp_line (start 0.5 0.85) (end -0.5 0.85) (layer B.SilkS) (width 0.12))
    (fp_line (start -1 0.62) (end 1 0.62) (layer B.Fab) (width 0.1))
    (fp_line (start 1 0.62) (end 1 -0.62) (layer B.Fab) (width 0.1))
    (fp_line (start 1 -0.62) (end -1 -0.62) (layer B.Fab) (width 0.1))
    (fp_line (start -1 -0.62) (end -1 0.62) (layer B.Fab) (width 0.1))
    (fp_text user %R (at 0 1.75 270) (layer B.Fab)
      (effects (font (size 1 1) (thickness 0.15)) (justify mirror))
    )
    (pad 2 smd rect (at 1.25 0 270) (size 1.5 1.25) (layers B.Cu B.Paste B.Mask)
      (net 2 GND))
    (pad 1 smd rect (at -1.25 0 270) (size 1.5 1.25) (layers B.Cu B.Paste B.Mask)
      (net 30 /BT2))
    (model Capacitors_SMD.3dshapes/C_0805.wrl
      (at (xyz 0 0 0))
      (scale (xyz 1 1 1))
      (rotate (xyz 0 0 0))
    )
  )

  (module Capacitors_SMD:C_0805_HandSoldering (layer B.Cu) (tedit 58AA84A8) (tstamp 5D8E8D10)
    (at 134.6 99.4 270)
    (descr "Capacitor SMD 0805, hand soldering")
    (tags "capacitor 0805")
    (path /595B53B0)
    (attr smd)
    (fp_text reference C4 (at 0 1.75 270) (layer B.SilkS)
      (effects (font (size 1 1) (thickness 0.15)) (justify mirror))
    )
    (fp_text value 100nF (at 0 -1.75 270) (layer B.Fab)
      (effects (font (size 1 1) (thickness 0.15)) (justify mirror))
    )
    (fp_line (start 2.25 -0.87) (end -2.25 -0.87) (layer B.CrtYd) (width 0.05))
    (fp_line (start 2.25 -0.87) (end 2.25 0.88) (layer B.CrtYd) (width 0.05))
    (fp_line (start -2.25 0.88) (end -2.25 -0.87) (layer B.CrtYd) (width 0.05))
    (fp_line (start -2.25 0.88) (end 2.25 0.88) (layer B.CrtYd) (width 0.05))
    (fp_line (start -0.5 -0.85) (end 0.5 -0.85) (layer B.SilkS) (width 0.12))
    (fp_line (start 0.5 0.85) (end -0.5 0.85) (layer B.SilkS) (width 0.12))
    (fp_line (start -1 0.62) (end 1 0.62) (layer B.Fab) (width 0.1))
    (fp_line (start 1 0.62) (end 1 -0.62) (layer B.Fab) (width 0.1))
    (fp_line (start 1 -0.62) (end -1 -0.62) (layer B.Fab) (width 0.1))
    (fp_line (start -1 -0.62) (end -1 0.62) (layer B.Fab) (width 0.1))
    (fp_text user %R (at 0 1.75 270) (layer B.Fab)
      (effects (font (size 1 1) (thickness 0.15)) (justify mirror))
    )
    (pad 2 smd rect (at 1.25 0 270) (size 1.5 1.25) (layers B.Cu B.Paste B.Mask)
      (net 2 GND))
    (pad 1 smd rect (at -1.25 0 270) (size 1.5 1.25) (layers B.Cu B.Paste B.Mask)
      (net 3 +3V3))
    (model Capacitors_SMD.3dshapes/C_0805.wrl
      (at (xyz 0 0 0))
      (scale (xyz 1 1 1))
      (rotate (xyz 0 0 0))
    )
  )

  (module Capacitors_SMD:C_0805_HandSoldering (layer B.Cu) (tedit 58AA84A8) (tstamp 5D8E8D35)
    (at 164.2 85.8 270)
    (descr "Capacitor SMD 0805, hand soldering")
    (tags "capacitor 0805")
    (path /595B5914)
    (attr smd)
    (fp_text reference C6 (at 0 1.75 270) (layer B.SilkS)
      (effects (font (size 1 1) (thickness 0.15)) (justify mirror))
    )
    (fp_text value 100nF (at 0 -1.75 270) (layer B.Fab)
      (effects (font (size 1 1) (thickness 0.15)) (justify mirror))
    )
    (fp_text user %R (at 0 1.75 270) (layer B.Fab)
      (effects (font (size 1 1) (thickness 0.15)) (justify mirror))
    )
    (fp_line (start -1 -0.62) (end -1 0.62) (layer B.Fab) (width 0.1))
    (fp_line (start 1 -0.62) (end -1 -0.62) (layer B.Fab) (width 0.1))
    (fp_line (start 1 0.62) (end 1 -0.62) (layer B.Fab) (width 0.1))
    (fp_line (start -1 0.62) (end 1 0.62) (layer B.Fab) (width 0.1))
    (fp_line (start 0.5 0.85) (end -0.5 0.85) (layer B.SilkS) (width 0.12))
    (fp_line (start -0.5 -0.85) (end 0.5 -0.85) (layer B.SilkS) (width 0.12))
    (fp_line (start -2.25 0.88) (end 2.25 0.88) (layer B.CrtYd) (width 0.05))
    (fp_line (start -2.25 0.88) (end -2.25 -0.87) (layer B.CrtYd) (width 0.05))
    (fp_line (start 2.25 -0.87) (end 2.25 0.88) (layer B.CrtYd) (width 0.05))
    (fp_line (start 2.25 -0.87) (end -2.25 -0.87) (layer B.CrtYd) (width 0.05))
    (pad 1 smd rect (at -1.25 0 270) (size 1.5 1.25) (layers B.Cu B.Paste B.Mask)
      (net 4 +5V))
    (pad 2 smd rect (at 1.25 0 270) (size 1.5 1.25) (layers B.Cu B.Paste B.Mask)
      (net 2 GND))
    (model Capacitors_SMD.3dshapes/C_0805.wrl
      (at (xyz 0 0 0))
      (scale (xyz 1 1 1))
      (rotate (xyz 0 0 0))
    )
  )

  (module Capacitors_SMD:C_0805_HandSoldering (layer B.Cu) (tedit 58AA84A8) (tstamp 5D8E8D62)
    (at 115.5 83.25 180)
    (descr "Capacitor SMD 0805, hand soldering")
    (tags "capacitor 0805")
    (path /595BFF5F)
    (attr smd)
    (fp_text reference C8 (at 0 1.75 180) (layer B.SilkS)
      (effects (font (size 1 1) (thickness 0.15)) (justify mirror))
    )
    (fp_text value 33p (at 0 -1.75 180) (layer B.Fab)
      (effects (font (size 1 1) (thickness 0.15)) (justify mirror))
    )
    (fp_line (start 2.25 -0.87) (end -2.25 -0.87) (layer B.CrtYd) (width 0.05))
    (fp_line (start 2.25 -0.87) (end 2.25 0.88) (layer B.CrtYd) (width 0.05))
    (fp_line (start -2.25 0.88) (end -2.25 -0.87) (layer B.CrtYd) (width 0.05))
    (fp_line (start -2.25 0.88) (end 2.25 0.88) (layer B.CrtYd) (width 0.05))
    (fp_line (start -0.5 -0.85) (end 0.5 -0.85) (layer B.SilkS) (width 0.12))
    (fp_line (start 0.5 0.85) (end -0.5 0.85) (layer B.SilkS) (width 0.12))
    (fp_line (start -1 0.62) (end 1 0.62) (layer B.Fab) (width 0.1))
    (fp_line (start 1 0.62) (end 1 -0.62) (layer B.Fab) (width 0.1))
    (fp_line (start 1 -0.62) (end -1 -0.62) (layer B.Fab) (width 0.1))
    (fp_line (start -1 -0.62) (end -1 0.62) (layer B.Fab) (width 0.1))
    (fp_text user %R (at 0 1.75 180) (layer B.Fab)
      (effects (font (size 1 1) (thickness 0.15)) (justify mirror))
    )
    (pad 2 smd rect (at 1.25 0 180) (size 1.5 1.25) (layers B.Cu B.Paste B.Mask)
      (net 2 GND))
    (pad 1 smd rect (at -1.25 0 180) (size 1.5 1.25) (layers B.Cu B.Paste B.Mask)
      (net 5 "Net-(C8-Pad1)"))
    (model Capacitors_SMD.3dshapes/C_0805.wrl
      (at (xyz 0 0 0))
      (scale (xyz 1 1 1))
      (rotate (xyz 0 0 0))
    )
  )

  (module Capacitors_SMD:C_0805_HandSoldering (layer B.Cu) (tedit 58AA84A8) (tstamp 5D988471)
    (at 123.4 124 270)
    (descr "Capacitor SMD 0805, hand soldering")
    (tags "capacitor 0805")
    (path /5E12FDE1)
    (attr smd)
    (fp_text reference C9 (at 0 1.75 270) (layer B.SilkS)
      (effects (font (size 1 1) (thickness 0.15)) (justify mirror))
    )
    (fp_text value 100nF (at 0 -1.75 270) (layer B.Fab)
      (effects (font (size 1 1) (thickness 0.15)) (justify mirror))
    )
    (fp_text user %R (at 0 1.75 270) (layer B.Fab)
      (effects (font (size 1 1) (thickness 0.15)) (justify mirror))
    )
    (fp_line (start -1 -0.62) (end -1 0.62) (layer B.Fab) (width 0.1))
    (fp_line (start 1 -0.62) (end -1 -0.62) (layer B.Fab) (width 0.1))
    (fp_line (start 1 0.62) (end 1 -0.62) (layer B.Fab) (width 0.1))
    (fp_line (start -1 0.62) (end 1 0.62) (layer B.Fab) (width 0.1))
    (fp_line (start 0.5 0.85) (end -0.5 0.85) (layer B.SilkS) (width 0.12))
    (fp_line (start -0.5 -0.85) (end 0.5 -0.85) (layer B.SilkS) (width 0.12))
    (fp_line (start -2.25 0.88) (end 2.25 0.88) (layer B.CrtYd) (width 0.05))
    (fp_line (start -2.25 0.88) (end -2.25 -0.87) (layer B.CrtYd) (width 0.05))
    (fp_line (start 2.25 -0.87) (end 2.25 0.88) (layer B.CrtYd) (width 0.05))
    (fp_line (start 2.25 -0.87) (end -2.25 -0.87) (layer B.CrtYd) (width 0.05))
    (pad 1 smd rect (at -1.25 0 270) (size 1.5 1.25) (layers B.Cu B.Paste B.Mask)
      (net 31 /BT3))
    (pad 2 smd rect (at 1.25 0 270) (size 1.5 1.25) (layers B.Cu B.Paste B.Mask)
      (net 2 GND))
    (model Capacitors_SMD.3dshapes/C_0805.wrl
      (at (xyz 0 0 0))
      (scale (xyz 1 1 1))
      (rotate (xyz 0 0 0))
    )
  )

  (module Capacitors_SMD:C_0805_HandSoldering (layer B.Cu) (tedit 58AA84A8) (tstamp 5D8E8D84)
    (at 122 118.7575)
    (descr "Capacitor SMD 0805, hand soldering")
    (tags "capacitor 0805")
    (path /5A4C1576)
    (attr smd)
    (fp_text reference C10 (at 0 1.75) (layer B.SilkS)
      (effects (font (size 1 1) (thickness 0.15)) (justify mirror))
    )
    (fp_text value 1uF (at 0 -1.75) (layer B.Fab)
      (effects (font (size 1 1) (thickness 0.15)) (justify mirror))
    )
    (fp_text user %R (at 0 1.75) (layer B.Fab)
      (effects (font (size 1 1) (thickness 0.15)) (justify mirror))
    )
    (fp_line (start -1 -0.62) (end -1 0.62) (layer B.Fab) (width 0.1))
    (fp_line (start 1 -0.62) (end -1 -0.62) (layer B.Fab) (width 0.1))
    (fp_line (start 1 0.62) (end 1 -0.62) (layer B.Fab) (width 0.1))
    (fp_line (start -1 0.62) (end 1 0.62) (layer B.Fab) (width 0.1))
    (fp_line (start 0.5 0.85) (end -0.5 0.85) (layer B.SilkS) (width 0.12))
    (fp_line (start -0.5 -0.85) (end 0.5 -0.85) (layer B.SilkS) (width 0.12))
    (fp_line (start -2.25 0.88) (end 2.25 0.88) (layer B.CrtYd) (width 0.05))
    (fp_line (start -2.25 0.88) (end -2.25 -0.87) (layer B.CrtYd) (width 0.05))
    (fp_line (start 2.25 -0.87) (end 2.25 0.88) (layer B.CrtYd) (width 0.05))
    (fp_line (start 2.25 -0.87) (end -2.25 -0.87) (layer B.CrtYd) (width 0.05))
    (pad 1 smd rect (at -1.25 0) (size 1.5 1.25) (layers B.Cu B.Paste B.Mask)
      (net 2 GND))
    (pad 2 smd rect (at 1.25 0) (size 1.5 1.25) (layers B.Cu B.Paste B.Mask)
      (net 6 "Net-(C10-Pad2)"))
    (model Capacitors_SMD.3dshapes/C_0805.wrl
      (at (xyz 0 0 0))
      (scale (xyz 1 1 1))
      (rotate (xyz 0 0 0))
    )
  )

  (module Capacitors_SMD:C_0805_HandSoldering (layer B.Cu) (tedit 58AA84A8) (tstamp 5D8E8D95)
    (at 122 120.6)
    (descr "Capacitor SMD 0805, hand soldering")
    (tags "capacitor 0805")
    (path /5A4C036E)
    (attr smd)
    (fp_text reference C11 (at 0 1.75) (layer B.SilkS)
      (effects (font (size 1 1) (thickness 0.15)) (justify mirror))
    )
    (fp_text value 100nF (at 0 -1.75) (layer B.Fab)
      (effects (font (size 1 1) (thickness 0.15)) (justify mirror))
    )
    (fp_line (start 2.25 -0.87) (end -2.25 -0.87) (layer B.CrtYd) (width 0.05))
    (fp_line (start 2.25 -0.87) (end 2.25 0.88) (layer B.CrtYd) (width 0.05))
    (fp_line (start -2.25 0.88) (end -2.25 -0.87) (layer B.CrtYd) (width 0.05))
    (fp_line (start -2.25 0.88) (end 2.25 0.88) (layer B.CrtYd) (width 0.05))
    (fp_line (start -0.5 -0.85) (end 0.5 -0.85) (layer B.SilkS) (width 0.12))
    (fp_line (start 0.5 0.85) (end -0.5 0.85) (layer B.SilkS) (width 0.12))
    (fp_line (start -1 0.62) (end 1 0.62) (layer B.Fab) (width 0.1))
    (fp_line (start 1 0.62) (end 1 -0.62) (layer B.Fab) (width 0.1))
    (fp_line (start 1 -0.62) (end -1 -0.62) (layer B.Fab) (width 0.1))
    (fp_line (start -1 -0.62) (end -1 0.62) (layer B.Fab) (width 0.1))
    (fp_text user %R (at 0 1.75) (layer B.Fab)
      (effects (font (size 1 1) (thickness 0.15)) (justify mirror))
    )
    (pad 2 smd rect (at 1.25 0) (size 1.5 1.25) (layers B.Cu B.Paste B.Mask)
      (net 6 "Net-(C10-Pad2)"))
    (pad 1 smd rect (at -1.25 0) (size 1.5 1.25) (layers B.Cu B.Paste B.Mask)
      (net 2 GND))
    (model Capacitors_SMD.3dshapes/C_0805.wrl
      (at (xyz 0 0 0))
      (scale (xyz 1 1 1))
      (rotate (xyz 0 0 0))
    )
  )

  (module Capacitors_SMD:C_0805_HandSoldering (layer B.Cu) (tedit 58AA84A8) (tstamp 5D995741)
    (at 140.1 112.1 270)
    (descr "Capacitor SMD 0805, hand soldering")
    (tags "capacitor 0805")
    (path /5A4DD41C)
    (attr smd)
    (fp_text reference C12 (at 0 1.75 270) (layer B.SilkS)
      (effects (font (size 1 1) (thickness 0.15)) (justify mirror))
    )
    (fp_text value 100nF (at 0 -1.75 270) (layer B.Fab)
      (effects (font (size 1 1) (thickness 0.15)) (justify mirror))
    )
    (fp_text user %R (at 0 1.75 270) (layer B.Fab)
      (effects (font (size 1 1) (thickness 0.15)) (justify mirror))
    )
    (fp_line (start -1 -0.62) (end -1 0.62) (layer B.Fab) (width 0.1))
    (fp_line (start 1 -0.62) (end -1 -0.62) (layer B.Fab) (width 0.1))
    (fp_line (start 1 0.62) (end 1 -0.62) (layer B.Fab) (width 0.1))
    (fp_line (start -1 0.62) (end 1 0.62) (layer B.Fab) (width 0.1))
    (fp_line (start 0.5 0.85) (end -0.5 0.85) (layer B.SilkS) (width 0.12))
    (fp_line (start -0.5 -0.85) (end 0.5 -0.85) (layer B.SilkS) (width 0.12))
    (fp_line (start -2.25 0.88) (end 2.25 0.88) (layer B.CrtYd) (width 0.05))
    (fp_line (start -2.25 0.88) (end -2.25 -0.87) (layer B.CrtYd) (width 0.05))
    (fp_line (start 2.25 -0.87) (end 2.25 0.88) (layer B.CrtYd) (width 0.05))
    (fp_line (start 2.25 -0.87) (end -2.25 -0.87) (layer B.CrtYd) (width 0.05))
    (pad 1 smd rect (at -1.25 0 270) (size 1.5 1.25) (layers B.Cu B.Paste B.Mask)
      (net 7 "Net-(C12-Pad1)"))
    (pad 2 smd rect (at 1.25 0 270) (size 1.5 1.25) (layers B.Cu B.Paste B.Mask)
      (net 2 GND))
    (model Capacitors_SMD.3dshapes/C_0805.wrl
      (at (xyz 0 0 0))
      (scale (xyz 1 1 1))
      (rotate (xyz 0 0 0))
    )
  )

  (module Capacitors_SMD:C_0805_HandSoldering (layer B.Cu) (tedit 58AA84A8) (tstamp 5D8E8DB7)
    (at 144.9 119.7)
    (descr "Capacitor SMD 0805, hand soldering")
    (tags "capacitor 0805")
    (path /5A4E1E72)
    (attr smd)
    (fp_text reference C13 (at 0 1.75) (layer B.SilkS)
      (effects (font (size 1 1) (thickness 0.15)) (justify mirror))
    )
    (fp_text value 100nF (at 0 -1.75) (layer B.Fab)
      (effects (font (size 1 1) (thickness 0.15)) (justify mirror))
    )
    (fp_line (start 2.25 -0.87) (end -2.25 -0.87) (layer B.CrtYd) (width 0.05))
    (fp_line (start 2.25 -0.87) (end 2.25 0.88) (layer B.CrtYd) (width 0.05))
    (fp_line (start -2.25 0.88) (end -2.25 -0.87) (layer B.CrtYd) (width 0.05))
    (fp_line (start -2.25 0.88) (end 2.25 0.88) (layer B.CrtYd) (width 0.05))
    (fp_line (start -0.5 -0.85) (end 0.5 -0.85) (layer B.SilkS) (width 0.12))
    (fp_line (start 0.5 0.85) (end -0.5 0.85) (layer B.SilkS) (width 0.12))
    (fp_line (start -1 0.62) (end 1 0.62) (layer B.Fab) (width 0.1))
    (fp_line (start 1 0.62) (end 1 -0.62) (layer B.Fab) (width 0.1))
    (fp_line (start 1 -0.62) (end -1 -0.62) (layer B.Fab) (width 0.1))
    (fp_line (start -1 -0.62) (end -1 0.62) (layer B.Fab) (width 0.1))
    (fp_text user %R (at 0 1.75) (layer B.Fab)
      (effects (font (size 1 1) (thickness 0.15)) (justify mirror))
    )
    (pad 2 smd rect (at 1.25 0) (size 1.5 1.25) (layers B.Cu B.Paste B.Mask)
      (net 2 GND))
    (pad 1 smd rect (at -1.25 0) (size 1.5 1.25) (layers B.Cu B.Paste B.Mask)
      (net 1 "Net-(BT1-Pad1)"))
    (model Capacitors_SMD.3dshapes/C_0805.wrl
      (at (xyz 0 0 0))
      (scale (xyz 1 1 1))
      (rotate (xyz 0 0 0))
    )
  )

  (module Capacitors_SMD:C_0805_HandSoldering (layer B.Cu) (tedit 58AA84A8) (tstamp 5D8E8DD9)
    (at 136.25 90.6 90)
    (descr "Capacitor SMD 0805, hand soldering")
    (tags "capacitor 0805")
    (path /5A549B1A)
    (attr smd)
    (fp_text reference C15 (at 0 1.75 90) (layer B.SilkS)
      (effects (font (size 1 1) (thickness 0.15)) (justify mirror))
    )
    (fp_text value 100nF (at 0 -1.75 90) (layer B.Fab)
      (effects (font (size 1 1) (thickness 0.15)) (justify mirror))
    )
    (fp_line (start 2.25 -0.87) (end -2.25 -0.87) (layer B.CrtYd) (width 0.05))
    (fp_line (start 2.25 -0.87) (end 2.25 0.88) (layer B.CrtYd) (width 0.05))
    (fp_line (start -2.25 0.88) (end -2.25 -0.87) (layer B.CrtYd) (width 0.05))
    (fp_line (start -2.25 0.88) (end 2.25 0.88) (layer B.CrtYd) (width 0.05))
    (fp_line (start -0.5 -0.85) (end 0.5 -0.85) (layer B.SilkS) (width 0.12))
    (fp_line (start 0.5 0.85) (end -0.5 0.85) (layer B.SilkS) (width 0.12))
    (fp_line (start -1 0.62) (end 1 0.62) (layer B.Fab) (width 0.1))
    (fp_line (start 1 0.62) (end 1 -0.62) (layer B.Fab) (width 0.1))
    (fp_line (start 1 -0.62) (end -1 -0.62) (layer B.Fab) (width 0.1))
    (fp_line (start -1 -0.62) (end -1 0.62) (layer B.Fab) (width 0.1))
    (fp_text user %R (at 0 1.75 90) (layer B.Fab)
      (effects (font (size 1 1) (thickness 0.15)) (justify mirror))
    )
    (pad 2 smd rect (at 1.25 0 90) (size 1.5 1.25) (layers B.Cu B.Paste B.Mask)
      (net 2 GND))
    (pad 1 smd rect (at -1.25 0 90) (size 1.5 1.25) (layers B.Cu B.Paste B.Mask)
      (net 4 +5V))
    (model Capacitors_SMD.3dshapes/C_0805.wrl
      (at (xyz 0 0 0))
      (scale (xyz 1 1 1))
      (rotate (xyz 0 0 0))
    )
  )

  (module Capacitors_SMD:C_0805_HandSoldering (layer B.Cu) (tedit 58AA84A8) (tstamp 5D8E8DEA)
    (at 129.8 101.6 180)
    (descr "Capacitor SMD 0805, hand soldering")
    (tags "capacitor 0805")
    (path /595ADDFC)
    (attr smd)
    (fp_text reference C16 (at 0 1.75 180) (layer B.SilkS)
      (effects (font (size 1 1) (thickness 0.15)) (justify mirror))
    )
    (fp_text value 100nF (at 0 -1.75 180) (layer B.Fab)
      (effects (font (size 1 1) (thickness 0.15)) (justify mirror))
    )
    (fp_text user %R (at 0 1.75 180) (layer B.Fab)
      (effects (font (size 1 1) (thickness 0.15)) (justify mirror))
    )
    (fp_line (start -1 -0.62) (end -1 0.62) (layer B.Fab) (width 0.1))
    (fp_line (start 1 -0.62) (end -1 -0.62) (layer B.Fab) (width 0.1))
    (fp_line (start 1 0.62) (end 1 -0.62) (layer B.Fab) (width 0.1))
    (fp_line (start -1 0.62) (end 1 0.62) (layer B.Fab) (width 0.1))
    (fp_line (start 0.5 0.85) (end -0.5 0.85) (layer B.SilkS) (width 0.12))
    (fp_line (start -0.5 -0.85) (end 0.5 -0.85) (layer B.SilkS) (width 0.12))
    (fp_line (start -2.25 0.88) (end 2.25 0.88) (layer B.CrtYd) (width 0.05))
    (fp_line (start -2.25 0.88) (end -2.25 -0.87) (layer B.CrtYd) (width 0.05))
    (fp_line (start 2.25 -0.87) (end 2.25 0.88) (layer B.CrtYd) (width 0.05))
    (fp_line (start 2.25 -0.87) (end -2.25 -0.87) (layer B.CrtYd) (width 0.05))
    (pad 1 smd rect (at -1.25 0 180) (size 1.5 1.25) (layers B.Cu B.Paste B.Mask)
      (net 3 +3V3))
    (pad 2 smd rect (at 1.25 0 180) (size 1.5 1.25) (layers B.Cu B.Paste B.Mask)
      (net 2 GND))
    (model Capacitors_SMD.3dshapes/C_0805.wrl
      (at (xyz 0 0 0))
      (scale (xyz 1 1 1))
      (rotate (xyz 0 0 0))
    )
  )

  (module Capacitors_SMD:C_0805_HandSoldering (layer B.Cu) (tedit 58AA84A8) (tstamp 5D8E8DFB)
    (at 132 119.4)
    (descr "Capacitor SMD 0805, hand soldering")
    (tags "capacitor 0805")
    (path /5A4CE4BF)
    (attr smd)
    (fp_text reference C17 (at 0 1.75) (layer B.SilkS)
      (effects (font (size 1 1) (thickness 0.15)) (justify mirror))
    )
    (fp_text value 22pF (at 0 -1.75) (layer B.Fab)
      (effects (font (size 1 1) (thickness 0.15)) (justify mirror))
    )
    (fp_line (start 2.25 -0.87) (end -2.25 -0.87) (layer B.CrtYd) (width 0.05))
    (fp_line (start 2.25 -0.87) (end 2.25 0.88) (layer B.CrtYd) (width 0.05))
    (fp_line (start -2.25 0.88) (end -2.25 -0.87) (layer B.CrtYd) (width 0.05))
    (fp_line (start -2.25 0.88) (end 2.25 0.88) (layer B.CrtYd) (width 0.05))
    (fp_line (start -0.5 -0.85) (end 0.5 -0.85) (layer B.SilkS) (width 0.12))
    (fp_line (start 0.5 0.85) (end -0.5 0.85) (layer B.SilkS) (width 0.12))
    (fp_line (start -1 0.62) (end 1 0.62) (layer B.Fab) (width 0.1))
    (fp_line (start 1 0.62) (end 1 -0.62) (layer B.Fab) (width 0.1))
    (fp_line (start 1 -0.62) (end -1 -0.62) (layer B.Fab) (width 0.1))
    (fp_line (start -1 -0.62) (end -1 0.62) (layer B.Fab) (width 0.1))
    (fp_text user %R (at 0 1.75) (layer B.Fab)
      (effects (font (size 1 1) (thickness 0.15)) (justify mirror))
    )
    (pad 2 smd rect (at 1.25 0) (size 1.5 1.25) (layers B.Cu B.Paste B.Mask)
      (net 2 GND))
    (pad 1 smd rect (at -1.25 0) (size 1.5 1.25) (layers B.Cu B.Paste B.Mask)
      (net 8 /OSCI))
    (model Capacitors_SMD.3dshapes/C_0805.wrl
      (at (xyz 0 0 0))
      (scale (xyz 1 1 1))
      (rotate (xyz 0 0 0))
    )
  )

  (module Capacitors_SMD:C_0805_HandSoldering (layer B.Cu) (tedit 58AA84A8) (tstamp 5D8E8E0C)
    (at 126.8 119.4 180)
    (descr "Capacitor SMD 0805, hand soldering")
    (tags "capacitor 0805")
    (path /5A4CE7B9)
    (attr smd)
    (fp_text reference C18 (at 0 1.75 180) (layer B.SilkS)
      (effects (font (size 1 1) (thickness 0.15)) (justify mirror))
    )
    (fp_text value 22pF (at 0 -1.75 180) (layer B.Fab)
      (effects (font (size 1 1) (thickness 0.15)) (justify mirror))
    )
    (fp_line (start 2.25 -0.87) (end -2.25 -0.87) (layer B.CrtYd) (width 0.05))
    (fp_line (start 2.25 -0.87) (end 2.25 0.88) (layer B.CrtYd) (width 0.05))
    (fp_line (start -2.25 0.88) (end -2.25 -0.87) (layer B.CrtYd) (width 0.05))
    (fp_line (start -2.25 0.88) (end 2.25 0.88) (layer B.CrtYd) (width 0.05))
    (fp_line (start -0.5 -0.85) (end 0.5 -0.85) (layer B.SilkS) (width 0.12))
    (fp_line (start 0.5 0.85) (end -0.5 0.85) (layer B.SilkS) (width 0.12))
    (fp_line (start -1 0.62) (end 1 0.62) (layer B.Fab) (width 0.1))
    (fp_line (start 1 0.62) (end 1 -0.62) (layer B.Fab) (width 0.1))
    (fp_line (start 1 -0.62) (end -1 -0.62) (layer B.Fab) (width 0.1))
    (fp_line (start -1 -0.62) (end -1 0.62) (layer B.Fab) (width 0.1))
    (fp_text user %R (at 0 1.75 180) (layer B.Fab)
      (effects (font (size 1 1) (thickness 0.15)) (justify mirror))
    )
    (pad 2 smd rect (at 1.25 0 180) (size 1.5 1.25) (layers B.Cu B.Paste B.Mask)
      (net 2 GND))
    (pad 1 smd rect (at -1.25 0 180) (size 1.5 1.25) (layers B.Cu B.Paste B.Mask)
      (net 9 /OSCO))
    (model Capacitors_SMD.3dshapes/C_0805.wrl
      (at (xyz 0 0 0))
      (scale (xyz 1 1 1))
      (rotate (xyz 0 0 0))
    )
  )

  (module Capacitors_SMD:C_0805_HandSoldering (layer B.Cu) (tedit 58AA84A8) (tstamp 5D8E8E2E)
    (at 113.25 114.5)
    (descr "Capacitor SMD 0805, hand soldering")
    (tags "capacitor 0805")
    (path /5F6A0E63)
    (attr smd)
    (fp_text reference C20 (at 0 1.75) (layer B.SilkS)
      (effects (font (size 1 1) (thickness 0.15)) (justify mirror))
    )
    (fp_text value 100nF (at 0 -1.75) (layer B.Fab)
      (effects (font (size 1 1) (thickness 0.15)) (justify mirror))
    )
    (fp_line (start 2.25 -0.87) (end -2.25 -0.87) (layer B.CrtYd) (width 0.05))
    (fp_line (start 2.25 -0.87) (end 2.25 0.88) (layer B.CrtYd) (width 0.05))
    (fp_line (start -2.25 0.88) (end -2.25 -0.87) (layer B.CrtYd) (width 0.05))
    (fp_line (start -2.25 0.88) (end 2.25 0.88) (layer B.CrtYd) (width 0.05))
    (fp_line (start -0.5 -0.85) (end 0.5 -0.85) (layer B.SilkS) (width 0.12))
    (fp_line (start 0.5 0.85) (end -0.5 0.85) (layer B.SilkS) (width 0.12))
    (fp_line (start -1 0.62) (end 1 0.62) (layer B.Fab) (width 0.1))
    (fp_line (start 1 0.62) (end 1 -0.62) (layer B.Fab) (width 0.1))
    (fp_line (start 1 -0.62) (end -1 -0.62) (layer B.Fab) (width 0.1))
    (fp_line (start -1 -0.62) (end -1 0.62) (layer B.Fab) (width 0.1))
    (fp_text user %R (at 0 1.75) (layer B.Fab)
      (effects (font (size 1 1) (thickness 0.15)) (justify mirror))
    )
    (pad 2 smd rect (at 1.25 0) (size 1.5 1.25) (layers B.Cu B.Paste B.Mask)
      (net 2 GND))
    (pad 1 smd rect (at -1.25 0) (size 1.5 1.25) (layers B.Cu B.Paste B.Mask)
      (net 4 +5V))
    (model Capacitors_SMD.3dshapes/C_0805.wrl
      (at (xyz 0 0 0))
      (scale (xyz 1 1 1))
      (rotate (xyz 0 0 0))
    )
  )

  (module Capacitors_SMD:C_0805_HandSoldering (layer B.Cu) (tedit 58AA84A8) (tstamp 5D8E8E3F)
    (at 120.2 107.25 270)
    (descr "Capacitor SMD 0805, hand soldering")
    (tags "capacitor 0805")
    (path /5A4EAAAE)
    (attr smd)
    (fp_text reference C21 (at 0 1.75 270) (layer B.SilkS)
      (effects (font (size 1 1) (thickness 0.15)) (justify mirror))
    )
    (fp_text value 100nF (at 0 -1.75 270) (layer B.Fab)
      (effects (font (size 1 1) (thickness 0.15)) (justify mirror))
    )
    (fp_text user %R (at 0 1.75 270) (layer B.Fab)
      (effects (font (size 1 1) (thickness 0.15)) (justify mirror))
    )
    (fp_line (start -1 -0.62) (end -1 0.62) (layer B.Fab) (width 0.1))
    (fp_line (start 1 -0.62) (end -1 -0.62) (layer B.Fab) (width 0.1))
    (fp_line (start 1 0.62) (end 1 -0.62) (layer B.Fab) (width 0.1))
    (fp_line (start -1 0.62) (end 1 0.62) (layer B.Fab) (width 0.1))
    (fp_line (start 0.5 0.85) (end -0.5 0.85) (layer B.SilkS) (width 0.12))
    (fp_line (start -0.5 -0.85) (end 0.5 -0.85) (layer B.SilkS) (width 0.12))
    (fp_line (start -2.25 0.88) (end 2.25 0.88) (layer B.CrtYd) (width 0.05))
    (fp_line (start -2.25 0.88) (end -2.25 -0.87) (layer B.CrtYd) (width 0.05))
    (fp_line (start 2.25 -0.87) (end 2.25 0.88) (layer B.CrtYd) (width 0.05))
    (fp_line (start 2.25 -0.87) (end -2.25 -0.87) (layer B.CrtYd) (width 0.05))
    (pad 1 smd rect (at -1.25 0 270) (size 1.5 1.25) (layers B.Cu B.Paste B.Mask)
      (net 3 +3V3))
    (pad 2 smd rect (at 1.25 0 270) (size 1.5 1.25) (layers B.Cu B.Paste B.Mask)
      (net 2 GND))
    (model Capacitors_SMD.3dshapes/C_0805.wrl
      (at (xyz 0 0 0))
      (scale (xyz 1 1 1))
      (rotate (xyz 0 0 0))
    )
  )

  (module Capacitors_SMD:C_0805_HandSoldering (layer B.Cu) (tedit 58AA84A8) (tstamp 5D8E8E50)
    (at 134.4 112 90)
    (descr "Capacitor SMD 0805, hand soldering")
    (tags "capacitor 0805")
    (path /5A4EB58C)
    (attr smd)
    (fp_text reference C22 (at 0 1.75 90) (layer B.SilkS)
      (effects (font (size 1 1) (thickness 0.15)) (justify mirror))
    )
    (fp_text value 100nF (at 0 -1.75 90) (layer B.Fab)
      (effects (font (size 1 1) (thickness 0.15)) (justify mirror))
    )
    (fp_line (start 2.25 -0.87) (end -2.25 -0.87) (layer B.CrtYd) (width 0.05))
    (fp_line (start 2.25 -0.87) (end 2.25 0.88) (layer B.CrtYd) (width 0.05))
    (fp_line (start -2.25 0.88) (end -2.25 -0.87) (layer B.CrtYd) (width 0.05))
    (fp_line (start -2.25 0.88) (end 2.25 0.88) (layer B.CrtYd) (width 0.05))
    (fp_line (start -0.5 -0.85) (end 0.5 -0.85) (layer B.SilkS) (width 0.12))
    (fp_line (start 0.5 0.85) (end -0.5 0.85) (layer B.SilkS) (width 0.12))
    (fp_line (start -1 0.62) (end 1 0.62) (layer B.Fab) (width 0.1))
    (fp_line (start 1 0.62) (end 1 -0.62) (layer B.Fab) (width 0.1))
